frame, x, y, w, h
0, 934.0, 586.5, 88.1875, 88.4375
1, 927.0, 584.0, 97.0, 87.125
2, 913.5, 580.5, 104.0625, 87.5
3, 897.0, 577.0, 102.0625, 94.8125
4, 883.0, 569.0, 95.625, 88.625
5, 875.5, 566.0, 86.25, 84.4375
6, 867.5, 562.5, 88.1875, 85.9375
7, 860.0, 564.0, 100.3125, 85.5
8, 850.5, 565.5, 95.3125, 85.6875
9, 841.0, 567.0, 94.9375, 85.0625
10, 835.0, 568.0, 89.4375, 85.625
11, 829.5, 572.0, 87.5, 86.8125
12, 821.5, 582.0, 87.9375, 85.75
13, 817.5, 588.0, 92.5, 92.0
14, 811.5, 594.5, 88.125, 88.625
15, 809.0, 600.5, 86.4375, 87.8125
16, 807.5, 605.5, 87.1875, 87.25
17, 806.0, 608.5, 87.25, 86.8125
18, 805.0, 614.5, 87.0, 85.875
19, 801.5, 616.0, 86.1875, 84.875
20, 799.0, 618.5, 87.1875, 86.1875
21, 799.0, 620.5, 86.75, 85.8125
22, 799.5, 621.5, 86.3125, 85.6875
23, 797.0, 621.5, 86.25, 85.875
24, 793.5, 623.0, 85.8125, 84.9375
25, 790.0, 623.0, 87.6875, 85.1875
26, 786.0, 622.0, 86.5, 84.6875
27, 783.5, 622.0, 85.875, 84.5625
28, 781.0, 622.5, 86.5625, 83.8125
29, 778.0, 621.5, 85.375, 84.5625
30, 768.0, 615.5, 84.75, 83.125
31, 762.5, 613.0, 93.4375, 82.75
32, 753.0, 610.5, 93.75, 82.5
33, 741.0, 609.5, 88.4375, 82.0625
34, 730.5, 610.0, 93.75, 83.375
35, 722.5, 614.5, 85.125, 81.1875
36, 703.5, 615.0, 83.875, 81.25
37, 691.5, 615.0, 85.375, 81.6875
38, 687.0, 614.0, 88.0, 81.1875
39, 679.5, 614.0, 88.5625, 81.375
40, 674.5, 614.5, 85.6875, 81.5625
41, 670.0, 614.5, 83.9375, 81.4375
42, 666.5, 616.0, 83.4375, 81.5625
43, 662.0, 617.0, 83.625, 81.3125
44, 655.5, 618.5, 94.375, 80.75
45, 648.0, 619.0, 85.6875, 79.5
46, 647.5, 624.0, 78.125, 66.6875
47, 662.5, 617.0, 82.1875, 75.375
48, 678.5, 604.5, 80.5625, 80.625
49, 682.5, 584.0, 81.125, 98.9375
50, 686.0, 555.0, 83.75, 90.9375
51, 691.5, 538.0, 86.5625, 93.75
52, 710.5, 527.5, 111.0625, 88.0625
53, 711.0, 516.0, 98.8125, 103.0
54, 719.0, 510.5, 86.1875, 93.875
55, 727.5, 502.75, 91.6875, 95.5
56, 731.0, 492.75, 84.6875, 78.6875
57, 731.0, 493.0, 85.125, 77.6875
58, 728.0, 494.25, 82.5625, 79.4375
59, 723.5, 494.5, 79.1875, 79.0625
60, 731.5, 460.75, 78.75, 82.125
61, 738.5, 434.25, 80.8125, 97.625
62, 739.5, 412.25, 83.6875, 102.125
63, 741.5, 390.25, 84.625, 100.875
64, 745.5, 375.75, 78.6875, 78.0
65, 748.0, 345.0, 80.3125, 79.25
66, 748.0, 324.75, 75.0, 75.5
68, 742.5, 315.75, 81.625, 80.375
69, 742.0, 318.25, 83.125, 80.3125
70, 744.5, 323.0, 78.3125, 81.4375
71, 746.0, 331.75, 76.6875, 76.875
72, 747.5, 345.75, 77.625, 74.875
73, 755.0, 362.75, 78.6875, 76.0
74, 760.0, 393.75, 72.25, 82.6875
75, 761.5, 409.25, 75.0625, 102.875
76, 765.5, 448.75, 79.375, 113.6875
77, 769.5, 484.0, 80.25, 98.5
78, 774.0, 518.5, 78.8125, 84.5
79, 776.5, 495.25, 81.3125, 84.5
80, 772.0, 474.0, 87.625, 103.0
81, 767.0, 454.5, 78.375, 86.125
82, 764.0, 434.75, 76.625, 76.375
83, 758.0, 410.25, 79.5, 80.375
84, 747.0, 386.5, 80.4375, 78.9375
85, 741.0, 370.5, 84.375, 81.1875
86, 737.5, 356.5, 82.375, 82.25
87, 733.0, 346.25, 86.75, 86.8125
88, 727.0, 343.0, 86.125, 78.9375
89, 719.5, 343.75, 79.6875, 77.875
90, 708.0, 349.75, 81.4375, 77.0
91, 697.5, 362.0, 78.6875, 76.4375
92, 693.0, 370.5, 84.25, 88.875
93, 680.5, 399.25, 76.5, 78.4375
94, 677.5, 408.0, 88.0, 101.0625
95, 672.5, 432.25, 85.875, 95.5
96, 665.5, 456.75, 83.625, 84.625
97, 657.0, 502.75, 84.75, 99.0
98, 656.0, 490.0, 82.8125, 105.5625
99, 666.0, 419.75, 79.5, 75.25
100, 668.0, 424.0, 75.5, 79.8125
101, 676.0, 374.5, 80.125, 83.3125
102, 686.0, 327.5, 79.75, 84.3125
103, 698.5, 287.25, 77.1875, 88.0
104, 711.0, 257.0, 82.875, 88.4375
105, 714.0, 248.875, 82.4375, 68.1875
106, 722.0, 228.25, 85.6875, 73.375
107, 725.5, 215.25, 84.25, 80.9375
108, 732.0, 201.375, 81.75, 78.9375
109, 731.0, 202.625, 80.0625, 82.125
110, 733.5, 202.5, 80.25, 82.8125
111, 735.0, 204.75, 78.625, 89.0
112, 732.5, 210.875, 83.3125, 82.5
113, 728.0, 222.125, 88.375, 83.5625
114, 720.5, 237.875, 82.125, 78.375
115, 709.0, 264.0, 83.4375, 82.25
116, 705.5, 287.25, 82.1875, 73.4375
117, 710.0, 320.5, 79.75, 76.375
119, 711.0, 379.25, 82.75, 115.1875
120, 712.5, 407.25, 76.4375, 82.625
121, 715.5, 455.25, 74.75, 81.375
122, 717.5, 514.5, 74.5625, 88.3125
123, 713.0, 510.75, 83.75, 93.3125
124, 703.0, 487.0, 92.25, 116.3125
125, 697.5, 467.5, 81.5, 78.375
126, 690.5, 431.75, 76.9375, 75.4375
127, 680.5, 390.75, 80.125, 78.0
129, 664.0, 339.75, 82.0625, 89.625
130, 662.0, 332.75, 75.8125, 76.875
131, 654.5, 323.75, 78.25, 77.5625
132, 647.0, 323.5, 81.6875, 74.8125
133, 637.0, 327.75, 81.5625, 77.0
134, 629.0, 335.25, 79.375, 76.9375
135, 626.0, 342.25, 85.375, 82.75
136, 617.5, 356.25, 83.9375, 94.8125
137, 606.5, 371.25, 87.125, 89.625
138, 605.5, 388.5, 70.625, 77.8125
139, 592.5, 418.0, 75.3125, 76.5
140, 585.0, 438.0, 92.5625, 115.25
141, 574.0, 470.75, 90.25, 113.625
142, 567.5, 507.5, 86.0, 113.625
143, 563.0, 530.5, 79.125, 70.75
144, 573.5, 513.0, 79.375, 79.0625
145, 593.0, 487.25, 84.125, 73.3125
146, 602.5, 475.5, 93.25, 92.6875
147, 612.5, 459.75, 83.9375, 80.8125
148, 618.5, 455.25, 86.25, 80.5625
149, 627.5, 448.75, 87.875, 73.125
150, 633.0, 449.75, 81.4375, 75.3125
151, 639.0, 454.75, 76.625, 73.5625
152, 644.5, 461.25, 84.4375, 86.1875
153, 649.0, 473.75, 77.375, 86.3125
154, 652.0, 489.75, 79.125, 89.375
155, 654.5, 506.75, 79.9375, 80.9375
156, 661.0, 535.5, 77.125, 76.875
157, 659.5, 516.0, 78.625, 78.125
158, 653.5, 489.75, 78.875, 84.1875
159, 651.0, 469.0, 76.375, 104.75
160, 644.5, 437.25, 76.75, 94.8125
161, 643.0, 422.25, 75.625, 83.6875
162, 642.0, 416.25, 76.875, 72.25
163, 643.5, 406.5, 80.5, 76.0
164, 653.5, 396.0, 69.5625, 76.0625
165, 657.5, 386.0, 73.375, 76.125
166, 659.5, 381.0, 72.9375, 68.6875
167, 668.5, 366.0, 76.125, 72.5625
168, 684.0, 356.25, 75.875, 72.0625
169, 698.0, 359.25, 76.625, 74.875
170, 707.0, 367.75, 70.4375, 69.75
171, 708.5, 376.25, 73.1875, 89.75
172, 707.0, 390.0, 77.125, 79.875
173, 706.5, 403.25, 80.9375, 77.9375
174, 710.0, 415.25, 73.875, 69.25
175, 714.0, 448.5, 75.6875, 71.0625
176, 718.5, 481.25, 73.75, 71.0
177, 723.5, 502.0, 85.625, 112.375
178, 730.5, 501.75, 65.9375, 97.125
179, 727.0, 489.75, 73.625, 71.375
180, 718.5, 445.75, 72.5625, 71.625
181, 715.0, 409.0, 70.625, 68.4375
182, 708.5, 376.0, 76.5625, 81.0625
183, 709.0, 360.0, 76.6875, 89.125
184, 708.5, 342.75, 70.0, 62.5625
185, 701.0, 325.75, 69.5, 74.8125
186, 692.0, 299.25, 70.625, 70.8125
187, 691.0, 292.0, 70.25, 69.9375
188, 689.5, 297.5, 70.5, 70.875
189, 685.5, 302.5, 79.0, 71.3125
190, 679.5, 310.25, 79.0, 69.3125
191, 668.5, 324.0, 73.5625, 69.5
192, 660.5, 338.0, 68.375, 65.5625
193, 651.0, 359.5, 68.75, 59.4375
194, 639.0, 378.25, 69.1875, 66.9375
195, 631.5, 411.5, 70.125, 68.625
196, 631.5, 443.75, 56.25, 64.5
197, 620.5, 461.25, 80.8125, 99.1875
198, 612.0, 484.0, 69.125, 74.875
199, 604.0, 522.0, 66.4375, 72.5
200, 602.0, 496.75, 68.125, 80.25
201, 599.5, 475.0, 69.0, 91.9375
202, 599.5, 461.25, 64.9375, 60.4375
203, 594.0, 435.5, 66.125, 65.6875
204, 589.0, 407.75, 67.875, 60.0625
205, 593.0, 398.0, 68.625, 64.3125
206, 604.5, 396.0, 70.9375, 66.6875
207, 611.0, 395.25, 75.8125, 66.9375
208, 615.5, 397.0, 69.8125, 70.0
209, 620.5, 399.0, 68.875, 69.875
210, 624.5, 402.25, 70.3125, 70.1875
211, 628.0, 405.5, 69.3125, 68.5
212, 634.0, 419.0, 66.0, 63.5
213, 635.5, 427.25, 68.5, 83.9375
215, 637.0, 485.75, 70.8125, 100.875
216, 639.5, 488.5, 64.0, 68.75
217, 635.5, 460.25, 68.9375, 68.0625
218, 636.5, 440.25, 67.625, 70.6875
219, 635.0, 424.5, 69.875, 87.6875
220, 641.0, 401.25, 79.625, 85.875
221, 650.0, 388.75, 76.875, 77.375
222, 658.0, 383.0, 71.5625, 71.8125
223, 663.5, 377.5, 71.75, 71.625
224, 671.5, 367.0, 73.3125, 71.0625
225, 678.5, 364.0, 75.375, 67.75
226, 681.5, 366.25, 70.125, 71.9375
227, 678.5, 385.75, 72.75, 86.75
228, 676.5, 396.0, 70.375, 72.125
229, 676.0, 409.5, 67.75, 67.6875
230, 674.0, 429.5, 68.9375, 65.8125
231, 677.0, 464.25, 70.125, 70.1875
232, 677.0, 459.75, 69.0625, 61.875
233, 680.0, 420.75, 68.6875, 73.125
234, 689.0, 376.25, 65.9375, 69.875
235, 692.5, 339.5, 72.875, 71.25
236, 691.5, 318.75, 73.375, 100.8125
237, 689.0, 283.75, 71.0, 84.3125
240, 683.0, 238.75, 73.25, 71.5
241, 676.5, 225.5, 72.6875, 68.9375
242, 673.0, 215.5, 73.9375, 71.375
243, 673.0, 207.25, 58.25, 62.0625
245, 653.0, 199.0, 73.25, 72.375
246, 647.0, 199.0, 75.1875, 74.375
247, 647.0, 207.0, 75.6875, 70.0
248, 650.5, 222.75, 72.125, 70.125
249, 651.0, 237.75, 68.5625, 69.4375
250, 648.5, 242.25, 72.5, 75.5625
251, 647.5, 254.625, 77.375, 77.75
252, 645.0, 269.25, 75.25, 69.75
253, 641.5, 302.25, 71.5625, 67.0625
254, 633.5, 341.0, 72.25, 73.4375
255, 620.5, 385.25, 74.625, 75.625
256, 613.5, 431.25, 70.3125, 68.375
257, 613.0, 428.25, 74.4375, 67.75
258, 601.5, 484.5, 73.5625, 76.0
259, 599.5, 485.0, 72.5, 76.875
260, 603.0, 451.75, 73.8125, 100.875
261, 609.5, 417.5, 84.0625, 113.125
262, 612.5, 401.25, 75.375, 75.9375
263, 632.0, 358.25, 74.875, 74.9375
264, 651.0, 319.25, 66.375, 70.5
265, 662.5, 283.75, 69.375, 72.5
266, 673.5, 260.5, 78.5, 74.125
267, 697.5, 249.25, 84.125, 76.375
268, 707.0, 240.375, 79.375, 72.125
269, 709.5, 237.25, 78.8125, 73.5
270, 710.5, 236.25, 77.0625, 74.5625
271, 699.5, 232.625, 80.5625, 73.3125
272, 698.0, 234.375, 77.9375, 70.5625
273, 698.0, 243.0, 77.5, 69.0
274, 695.5, 258.5, 79.8125, 63.0625
275, 696.0, 268.75, 79.5, 76.5
276, 698.0, 297.5, 75.0, 83.3125
277, 701.5, 324.25, 71.1875, 68.25
278, 696.0, 366.0, 76.0625, 75.625
279, 691.0, 410.25, 74.6875, 79.0625
280, 683.0, 463.75, 76.75, 75.375
281, 684.0, 458.0, 76.5625, 69.6875
282, 676.5, 531.5, 76.0, 104.125
283, 672.0, 563.0, 74.25, 83.25
284, 653.5, 501.75, 74.6875, 75.0625
285, 623.0, 448.75, 74.0, 79.0
286, 624.0, 446.25, 72.8125, 70.3125
287, 602.0, 394.75, 76.5625, 72.3125
288, 594.0, 352.75, 66.4375, 69.875
289, 573.0, 306.5, 72.625, 61.59375
290, 549.5, 278.25, 76.5, 72.3125
292, 532.0, 236.125, 78.1875, 90.3125
293, 520.0, 221.5, 70.75, 80.8125
294, 511.75, 214.625, 71.5, 71.0625
295, 518.0, 204.875, 69.6875, 73.625
296, 520.5, 195.625, 73.0625, 79.0
297, 528.5, 184.625, 54.28125, 61.6875
298, 531.5, 173.5, 47.1875, 51.15625
299, 533.5, 171.25, 46.9375, 44.90625
300, 549.0, 189.375, 62.5, 67.6875
301, 566.5, 206.875, 72.9375, 70.8125
302, 575.0, 216.0, 74.3125, 75.1875
303, 576.0, 225.75, 75.4375, 72.875
304, 577.5, 238.125, 75.0625, 68.8125
305, 585.5, 264.75, 62.625, 61.71875
306, 580.0, 270.0, 76.1875, 78.375
307, 587.0, 304.5, 83.1875, 79.5625
308, 597.5, 341.25, 74.6875, 72.3125
309, 601.0, 386.0, 72.75, 68.5
310, 604.0, 436.5, 68.5, 68.375
311, 594.0, 499.25, 74.0, 74.75
312, 597.5, 505.0, 81.8125, 91.75
313, 602.0, 523.0, 75.625, 84.1875
314, 604.0, 484.0, 78.1875, 77.3125
315, 605.5, 469.0, 76.5625, 91.9375
316, 606.0, 446.0, 77.1875, 94.9375
317, 607.0, 427.75, 77.75, 95.375
318, 606.5, 412.25, 78.5, 87.125
319, 604.5, 405.25, 77.25, 75.5
320, 600.5, 397.5, 78.0625, 77.5625
321, 602.0, 385.25, 76.0, 76.0
322, 602.5, 381.75, 74.8125, 72.1875
323, 598.0, 375.25, 83.9375, 77.875
324, 585.5, 376.25, 80.9375, 73.6875
325, 576.0, 382.75, 82.0625, 78.6875
326, 583.0, 398.25, 78.625, 82.0
327, 583.0, 417.25, 75.9375, 76.9375
328, 585.0, 451.25, 73.8125, 78.3125
329, 582.5, 463.75, 82.8125, 110.125
330, 579.0, 494.0, 81.6875, 105.9375
331, 572.0, 515.5, 82.625, 77.375
332, 566.5, 558.0, 81.5625, 86.375
333, 570.5, 495.75, 81.3125, 57.65625
334, 573.0, 512.5, 72.6875, 69.75
335, 574.0, 459.75, 79.625, 79.25
336, 573.0, 419.25, 82.125, 78.1875
337, 567.0, 378.0, 80.25, 79.0625
338, 563.0, 337.25, 73.5, 76.6875
339, 553.0, 307.0, 79.4375, 81.875
340, 552.0, 296.5, 75.625, 65.0625
341, 547.0, 276.25, 68.9375, 71.625
342, 530.5, 246.375, 64.0625, 75.1875
343, 525.5, 222.875, 75.4375, 82.375
344, 531.5, 208.375, 82.625, 83.9375
345, 529.0, 200.875, 83.9375, 83.1875
346, 526.0, 197.625, 84.5, 82.0625
347, 522.5, 196.25, 80.0625, 81.4375
348, 523.5, 205.25, 80.4375, 82.6875
349, 524.0, 213.75, 79.4375, 86.5
350, 546.5, 231.0, 34.03125, 46.71875
351, 519.0, 247.625, 84.25, 81.625
352, 514.5, 284.25, 82.375, 78.5
353, 514.5, 313.25, 61.71875, 52.9375
354, 510.25, 318.75, 80.625, 82.4375
355, 507.75, 359.25, 83.75, 85.3125
356, 505.75, 402.0, 82.5, 81.4375
357, 508.5, 452.5, 80.0625, 84.0625
358, 508.0, 444.25, 80.375, 68.75
359, 510.0, 499.5, 82.375, 72.0
360, 518.5, 558.5, 81.625, 72.8125
361, 526.5, 497.0, 80.4375, 83.6875
362, 535.0, 442.0, 80.875, 79.3125
363, 537.5, 450.75, 76.375, 57.40625
364, 544.0, 378.0, 80.6875, 110.25
365, 544.5, 363.5, 77.875, 76.9375
366, 550.0, 332.5, 75.5, 73.25
367, 552.5, 306.75, 79.3125, 79.75
368, 556.0, 284.5, 84.0625, 75.5
369, 559.0, 271.5, 84.8125, 80.0
370, 564.0, 266.5, 82.5, 82.0
371, 569.5, 265.0, 89.25, 78.3125
372, 579.0, 266.25, 84.625, 74.6875
373, 582.5, 272.25, 79.4375, 78.75
374, 583.5, 278.5, 77.5625, 70.9375
375, 585.0, 285.25, 78.625, 76.3125
376, 587.0, 294.0, 74.375, 76.8125
377, 588.0, 311.0, 72.9375, 83.1875
378, 580.5, 329.5, 75.6875, 73.25
379, 580.0, 349.25, 82.625, 79.5625
380, 589.0, 370.5, 75.25, 76.75
381, 587.5, 403.75, 74.625, 72.5
382, 577.5, 446.75, 73.0625, 73.5
383, 578.5, 438.75, 70.0, 60.15625
384, 579.0, 497.5, 83.1875, 81.4375
385, 583.5, 514.5, 77.6875, 102.1875
386, 593.5, 448.25, 70.75, 79.6875
387, 595.5, 419.0, 73.625, 107.875
388, 598.0, 400.5, 70.625, 64.6875
389, 600.5, 367.0, 73.9375, 73.5625
390, 611.0, 332.0, 58.84375, 61.4375
391, 611.0, 303.75, 70.75, 69.3125
392, 612.5, 277.75, 72.4375, 72.375
393, 615.5, 261.25, 71.8125, 69.8125
394, 620.5, 248.875, 72.8125, 77.4375
395, 623.0, 237.5, 74.375, 74.5
396, 626.0, 231.0, 69.375, 66.5625
397, 631.0, 219.125, 69.0, 68.0
398, 636.5, 216.125, 69.625, 68.4375
399, 646.0, 215.75, 67.75, 68.4375
400, 650.0, 219.75, 66.4375, 67.875
401, 655.5, 229.625, 62.40625, 67.75
402, 656.0, 234.375, 66.5, 70.9375
403, 659.5, 240.5, 66.375, 63.71875
404, 662.0, 251.25, 65.25, 63.5625
405, 661.5, 272.0, 69.6875, 66.0
406, 660.5, 295.5, 61.1875, 58.96875
407, 657.5, 310.5, 64.6875, 90.75
409, 631.5, 362.0, 60.53125, 74.25
410, 623.0, 390.5, 61.46875, 63.09375
411, 622.5, 426.75, 62.34375, 60.84375
412, 636.0, 465.0, 62.125, 63.8125
413, 636.0, 466.75, 61.96875, 66.5625
414, 653.0, 410.25, 59.28125, 59.59375
415, 661.5, 367.75, 60.21875, 61.6875
416, 663.0, 322.25, 60.78125, 52.34375
417, 657.5, 290.5, 60.03125, 62.28125
418, 658.5, 291.25, 56.46875, 50.03125
419, 657.0, 239.75, 66.0, 78.9375
420, 656.5, 232.5, 61.90625, 57.78125
421, 649.5, 210.125, 64.1875, 66.375
422, 644.0, 196.75, 58.96875, 62.78125
423, 639.5, 183.125, 65.1875, 64.6875
424, 636.0, 175.25, 63.34375, 60.0625
425, 635.0, 174.0, 61.03125, 58.34375
426, 634.0, 174.375, 62.375, 61.34375
427, 630.5, 181.75, 61.03125, 61.0
428, 627.0, 198.0, 60.1875, 65.4375
429, 623.0, 212.625, 58.09375, 57.1875
430, 620.5, 233.25, 53.40625, 58.53125
431, 620.5, 237.5, 55.8125, 68.6875
432, 618.0, 262.0, 53.4375, 63.53125
435, 600.5, 352.5, 58.4375, 56.3125
436, 592.0, 385.25, 54.4375, 57.84375
437, 593.5, 416.0, 55.59375, 51.625
438, 599.5, 448.5, 35.1875, 40.125
439, 594.5, 452.25, 53.46875, 54.53125
440, 595.5, 452.0, 58.40625, 57.375
441, 600.5, 411.0, 53.625, 48.53125
442, 600.5, 410.25, 55.0, 52.65625
443, 595.5, 376.75, 55.78125, 55.21875
445, 579.5, 265.25, 53.96875, 44.15625
446, 579.5, 270.0, 55.46875, 56.5625
447, 583.5, 242.25, 41.96875, 42.65625
448, 582.0, 235.875, 51.0625, 58.75
451, 578.5, 195.125, 55.4375, 52.625
452, 585.0, 171.25, 35.8125, 30.828125
453, 592.0, 169.625, 36.0625, 33.0625
455, 598.5, 145.625, 48.6875, 50.8125
456, 603.5, 146.125, 44.34375, 53.5
457, 605.5, 150.0, 51.28125, 51.25
458, 613.0, 159.0, 44.5625, 54.90625
459, 619.0, 164.875, 55.4375, 51.53125
460, 627.0, 172.5, 49.15625, 49.5
464, 663.0, 222.75, 50.5625, 47.96875
465, 677.0, 243.125, 54.78125, 52.84375
469, 699.0, 342.5, 30.765625, 33.25
470, 696.5, 390.25, 54.28125, 55.0
471, 694.0, 436.5, 53.9375, 55.71875
472, 694.0, 432.75, 51.9375, 46.9375
474, 693.0, 416.5, 58.75, 87.0
475, 694.5, 399.5, 54.09375, 52.28125
476, 706.5, 368.5, 53.78125, 55.6875
477, 711.5, 346.5, 59.125, 76.875
480, 741.5, 290.0, 49.40625, 52.0625
481, 749.5, 273.25, 57.46875, 53.15625
482, 767.0, 260.0, 59.59375, 54.65625
483, 779.0, 257.75, 68.5625, 61.03125
484, 797.0, 254.375, 64.125, 52.46875
485, 808.5, 254.0, 70.1875, 55.0625
486, 823.0, 254.0, 68.9375, 57.375
487, 833.5, 256.25, 63.78125, 56.5625
488, 838.0, 251.25, 57.875, 46.0625
489, 843.0, 251.0, 53.78125, 51.125
490, 844.0, 250.875, 53.90625, 54.8125
492, 842.5, 258.5, 57.5, 58.5625
493, 844.5, 274.5, 50.28125, 42.375
495, 860.0, 319.0, 54.5625, 55.53125
496, 851.0, 354.75, 55.59375, 52.75
499, 865.0, 445.5, 45.875, 57.8125
501, 887.5, 405.25, 57.5, 55.53125
502, 898.0, 389.5, 57.03125, 55.0
503, 899.0, 388.75, 56.84375, 53.40625
507, 936.0, 341.75, 56.9375, 57.71875
508, 931.0, 346.75, 42.65625, 44.96875
509, 928.0, 339.0, 55.625, 46.875
510, 920.5, 329.25, 69.6875, 56.625
511, 915.0, 327.75, 59.71875, 55.28125
512, 913.0, 324.75, 58.0625, 54.3125
513, 912.0, 320.5, 57.4375, 53.0
514, 910.0, 321.5, 64.625, 54.8125
515, 906.0, 324.5, 54.53125, 55.09375
518, 887.5, 363.0, 56.9375, 55.875
519, 883.0, 380.0, 53.9375, 55.53125
520, 873.5, 403.5, 51.6875, 51.84375
521, 874.5, 438.75, 51.1875, 53.1875
522, 873.5, 441.0, 53.21875, 58.28125
523, 869.5, 446.5, 57.125, 50.53125
524, 874.0, 409.5, 52.28125, 49.875
525, 873.5, 386.25, 54.5625, 62.875
527, 871.0, 341.25, 59.3125, 77.6875
529, 875.5, 314.75, 44.8125, 50.25
530, 873.0, 298.75, 42.71875, 43.0625
534, 836.0, 331.25, 52.46875, 39.71875
541, 860.0, 318.5, 51.0, 49.46875
542, 869.0, 332.75, 34.25, 36.84375
543, 867.5, 348.5, 37.4375, 50.15625
544, 865.0, 372.25, 40.71875, 46.90625
547, 875.0, 398.75, 33.71875, 38.625
548, 874.0, 363.0, 48.96875, 51.96875
558, 929.5, 203.125, 58.96875, 56.375
559, 932.0, 198.875, 56.84375, 54.09375
560, 942.5, 198.25, 40.53125, 53.875
561, 940.5, 197.75, 52.8125, 54.375
569, 961.0, 289.25, 56.125, 49.4375
571, 962.0, 332.0, 58.84375, 78.8125
572, 964.5, 351.0, 54.46875, 55.0625
573, 967.0, 387.25, 52.96875, 56.84375
574, 967.0, 424.25, 53.5, 54.84375
575, 970.5, 468.0, 55.65625, 62.65625
578, 962.0, 391.0, 53.59375, 51.78125
579, 951.5, 358.5, 55.71875, 52.28125
580, 941.5, 335.5, 58.875, 66.375
582, 927.0, 295.75, 53.9375, 43.6875
585, 682.0, 324.25, 60.0, 43.34375
615, 685.5, 348.5, 44.90625, 45.875
621, 896.5, 279.5, 55.09375, 50.125
622, 895.0, 294.0, 52.96875, 48.0
624, 901.5, 325.25, 52.75, 77.0
626, 903.0, 366.75, 47.8125, 49.40625
627, 902.5, 404.75, 47.5625, 52.0625
628, 890.5, 453.25, 45.90625, 55.375
657, 783.0, 516.0, 31.609375, 56.125
664, 814.5, 287.0, 54.125, 53.09375
667, 827.0, 227.625, 53.40625, 51.65625
669, 836.0, 181.5, 49.65625, 49.6875
670, 837.0, 166.0, 49.53125, 49.28125
671, 840.0, 155.75, 49.84375, 59.21875
672, 842.0, 148.375, 50.78125, 52.40625
674, 847.0, 132.125, 47.84375, 51.96875
675, 845.5, 129.625, 53.65625, 51.75
676, 848.5, 130.0, 49.0625, 50.46875
677, 850.5, 132.25, 50.78125, 50.90625
678, 851.5, 131.75, 51.40625, 48.21875
680, 856.0, 145.625, 49.375, 51.34375
681, 858.5, 162.625, 51.8125, 44.09375
682, 862.5, 185.125, 51.40625, 44.46875
683, 869.0, 215.375, 53.9375, 54.25
684, 874.5, 249.875, 53.4375, 51.9375
685, 874.5, 246.0, 52.90625, 45.25
686, 877.0, 287.5, 54.78125, 54.15625
687, 878.0, 329.0, 55.9375, 57.625
688, 879.5, 364.75, 56.03125, 54.46875
693, 885.0, 445.0, 57.34375, 56.4375
694, 884.5, 431.5, 56.84375, 63.15625
695, 881.5, 418.5, 56.46875, 66.375
696, 877.0, 404.0, 62.34375, 64.125
697, 869.5, 395.0, 65.0625, 63.75
698, 860.5, 387.5, 68.8125, 59.25
699, 852.5, 383.25, 57.46875, 52.0625
700, 837.0, 377.0, 54.34375, 50.4375
701, 828.5, 369.5, 51.34375, 46.1875
702, 819.0, 371.25, 64.875, 52.15625
703, 812.0, 372.25, 62.9375, 55.40625
704, 807.0, 376.5, 57.125, 55.78125
705, 803.5, 387.0, 56.5, 54.65625
706, 797.0, 397.0, 55.5, 55.84375
714, 783.5, 329.25, 55.375, 50.3125
715, 785.5, 322.0, 62.375, 63.40625
716, 794.0, 316.0, 54.4375, 52.25
717, 796.0, 308.0, 56.9375, 59.1875
718, 803.0, 297.5, 65.5625, 59.40625
720, 833.0, 285.5, 72.8125, 62.6875
721, 846.5, 284.0, 66.125, 57.4375
722, 851.0, 284.75, 59.90625, 55.375
723, 865.5, 286.5, 61.4375, 58.6875
724, 877.5, 290.5, 61.125, 59.71875
725, 886.0, 294.75, 68.5625, 65.9375
726, 898.0, 310.75, 63.84375, 56.4375
727, 906.5, 321.75, 69.25, 70.9375
728, 912.5, 334.25, 58.4375, 62.3125
730, 906.0, 336.5, 56.0, 68.3125
732, 898.5, 240.0, 54.625, 46.0
733, 892.5, 202.75, 56.78125, 46.5625
734, 892.5, 208.5, 56.90625, 56.34375
735, 886.0, 177.25, 56.375, 56.8125
736, 879.0, 145.5, 55.53125, 51.6875
737, 877.0, 127.0625, 59.5625, 64.0
739, 875.0, 90.375, 56.28125, 47.21875
740, 890.5, 63.46875, 54.71875, 46.03125
741, 907.0, 53.625, 54.75, 46.71875
753, 928.5, 121.0625, 47.0625, 47.78125
754, 920.5, 151.625, 54.0, 54.8125
755, 915.0, 184.375, 53.65625, 53.1875
759, 908.5, 255.625, 46.21875, 51.09375
760, 906.0, 239.75, 53.3125, 66.0625
763, 899.5, 190.625, 55.3125, 66.0
764, 896.5, 180.125, 57.53125, 59.4375
765, 892.0, 174.875, 53.78125, 54.40625
766, 889.0, 170.625, 54.21875, 55.28125
767, 886.5, 171.375, 52.90625, 55.21875
768, 885.0, 173.375, 52.875, 54.75
769, 884.5, 178.125, 53.34375, 58.0625
770, 883.0, 187.625, 53.28125, 63.03125
771, 881.0, 198.5, 52.34375, 57.3125
772, 879.0, 211.5, 54.0625, 60.125
783, 920.5, 449.0, 52.65625, 50.09375
785, 929.0, 373.5, 50.84375, 50.78125
790, 938.0, 275.0, 52.5625, 51.875
791, 937.0, 259.5, 50.9375, 48.40625
793, 935.5, 241.625, 45.28125, 40.34375
794, 933.5, 239.5, 36.75, 36.4375
802, 871.5, 309.25, 47.96875, 48.75
807, 859.0, 401.5, 42.25, 33.46875
808, 857.5, 438.0, 43.125, 42.0
809, 858.5, 471.0, 47.8125, 38.9375
810, 848.0, 456.5, 61.78125, 67.875
812, 837.5, 426.0, 46.59375, 47.75
813, 826.5, 405.25, 48.53125, 47.1875
814, 815.0, 390.0, 49.75, 47.1875
816, 801.0, 368.5, 49.5, 46.375
817, 796.0, 364.75, 51.3125, 46.09375
821, 786.0, 367.25, 28.5625, 41.4375
957, 744.0, 259.75, 36.78125, 33.53125
964, 796.0, 270.5, 37.03125, 36.375
965, 795.0, 268.25, 37.1875, 36.8125
966, 792.0, 268.75, 40.09375, 37.59375
967, 790.0, 267.75, 36.71875, 37.40625
